[2 7 12 17 22 27]
[1 10 9 8 11 7]
[6 20 7 24 28 16]
[14 4 23 7 30 21]
[7 5 26 29 15 18]
[13 3 25 31 7 19]
[4 1 3 5 6 2]
[11 2 21 26 16 31]
[9 19 14 2 29 24]
[25 15 10 30 2 20]
[8 18 2 13 23 28]
[29 28 27 1 31 30]
[15 6 11 27 19 23]
[27 9 4 16 18 25]
[10 27 5 21 24 13]
[3 14 8 20 27 26]
[19 21 1 18 20 17]
[5 11 17 28 25 14]
[17 13 30 6 26 9]
[23 16 29 3 17 10]
[24 17 31 4 8 15]
[26 25 24 23 1 22]
[20 29 13 22 4 11]
[21 22 28 15 9 3]
[18 31 22 10 14 6]
[22 30 16 19 5 8]
[16 12 15 14 13 1]
[30 24 18 11 3 12]
[31 23 20 9 12 5]
[28 26 19 12 10 4]
[12 8 6 25 21 29]

