[2 9 16 23 30 37 44 51]
[10 12 15 11 13 14 1 9]
[52 8 28 9 46 34 40 22]
[5 29 19 55 42 45 9 32]
[9 36 27 56 47 38 4 18]
[26 21 9 7 31 43 53 48]
[24 39 20 35 50 9 54 6]
[17 3 25 41 9 49 33 57]
[8 7 6 3 4 5 2 1]
[22 43 29 50 2 57 15 36]
[54 47 2 40 33 19 12 26]
[18 53 32 39 11 2 25 46]
[42 28 49 21 14 35 56 2]
[27 34 13 2 55 20 48 41]
[31 2 17 45 10 24 52 38]
[53 56 52 54 1 51 57 55]
[21 15 45 8 39 33 51 27]
[25 51 22 48 5 12 38 35]
[29 11 51 4 20 40 31 49]
[14 19 7 51 36 46 41 24]
[6 32 47 13 51 28 17 43]
[51 26 18 34 3 42 10 50]
[32 1 31 30 34 36 35 33]
[20 25 30 15 52 7 42 47]
[30 18 24 49 12 55 43 8]
[11 30 26 6 56 41 22 45]
[50 14 5 17 40 53 27 30]
[3 38 21 46 29 54 30 13]
[4 57 10 19 48 30 39 28]
[28 27 23 1 24 25 26 29]
[49 23 38 53 15 6 19 34]
[41 4 12 32 23 21 50 52]
[23 48 8 36 54 17 11 42]
[55 31 3 14 22 47 23 39]
[45 35 40 57 18 23 13 7]
[33 5 46 10 43 56 20 23]
[1 45 50 47 49 48 46 44]
[15 41 44 18 28 31 5 54]
[44 17 56 29 7 39 34 12]
[43 44 11 27 35 52 3 19]
[38 20 57 26 8 44 32 14]
[13 33 53 42 44 22 24 4]
[40 6 55 44 21 10 36 25]
[39 42 41 43 38 1 37 40]
[35 46 4 37 17 26 55 15]
[12 37 36 28 53 3 45 20]
[57 24 34 5 37 11 47 21]
[48 52 14 33 6 29 18 37]
[19 50 37 31 25 13 8 56]
[37 49 54 22 27 32 7 10]
[16 22 1 20 19 18 21 17]
[56 40 48 24 32 15 16 3]
[46 16 42 12 57 27 6 31]
[7 55 33 38 16 50 28 11]
[34 54 43 25 45 4 14 16]
[36 13 39 52 26 16 49 5]
[47 10 35 16 41 8 29 53]

