[112 68 57 46 101 24 79 123 2 90 13 35]
[19 13 17 21 22 20 18 16 14 23 15 1]
[104 114 64 34 124 54 44 84 13 74 12 94]
[50 45 108 129 113 13 66 87 71 7 92 29]
[127 9 63 56 31 120 13 38 88 70 102 95]
[32 110 118 83 91 40 67 13 10 75 48 126]
[13 52 26 106 132 39 80 65 78 93 119 4]
[107 125 13 11 60 33 98 42 116 51 89 69]
[55 100 72 117 131 86 27 58 41 103 5 13]
[130 43 28 47 77 115 111 6 96 13 81 62]
[105 76 53 13 128 36 30 99 59 82 8 122]
[109 73 61 25 13 97 121 85 133 3 37 49]
[1 2 3 4 5 6 7 8 9 10 11 12]
[133 122 23 100 78 45 34 89 67 56 2 111]
[2 62 117 128 95 51 106 40 18 29 73 84]
[31 20 119 75 97 42 64 86 53 2 108 130]
[87 54 98 32 120 21 131 2 76 43 65 109]
[48 81 103 125 15 26 2 92 114 37 59 70]
[66 121 44 99 2 88 110 22 77 132 33 55]
[60 71 82 126 104 2 93 49 16 38 27 115]
[83 127 39 28 105 17 72 116 61 94 50 2]
[30 129 2 96 118 63 52 107 19 41 85 74]
[124 36 47 2 69 113 58 91 102 80 14 25]
[128 123 124 130 125 133 1 126 131 129 127 132]
[103 113 33 43 123 53 12 63 83 73 93 23]
[123 97 60 76 55 102 39 34 81 18 7 118]
[52 84 91 77 20 116 123 59 27 9 109 45]
[64 29 107 123 72 80 21 37 56 99 115 10]
[54 82 41 95 108 15 4 69 121 67 28 123]
[40 31 123 49 96 105 114 78 11 58 87 22]
[5 75 120 61 47 92 89 106 123 16 44 30]
[119 85 100 6 17 104 70 51 66 36 123 32]
[65 8 48 88 94 123 19 117 25 71 111 42]
[98 38 50 26 74 62 14 122 86 123 3 110]
[75 74 76 70 68 72 69 71 1 78 77 73]
[115 41 88 59 50 23 11 124 106 32 97 68]
[12 18 89 109 129 58 99 68 28 119 38 48]
[110 34 127 51 37 65 82 20 5 68 96 113]
[126 42 121 68 21 7 100 47 63 105 84 26]
[102 117 68 64 49 83 132 15 45 98 30 6]
[9 22 29 54 61 118 86 93 36 111 68 125]
[68 16 85 108 39 56 8 62 33 114 91 131]
[25 10 122 44 103 68 95 130 87 17 60 52]
[116 80 128 92 3 43 68 19 104 55 31 67]
[81 4 27 66 107 94 53 14 68 133 40 120]
[97 98 1 90 99 91 94 96 93 95 100 92]
[82 23 31 39 10 125 90 109 74 66 117 47]
[33 6 105 37 52 90 124 67 120 86 71 18]
[20 131 90 12 111 30 40 80 60 121 70 50]
[36 90 34 103 88 49 116 4 62 21 129 75]
[8 130 78 84 38 32 55 90 15 113 61 107]
[85 106 22 69 90 27 122 127 43 48 64 7]
[63 11 16 119 81 110 128 45 54 72 25 90]
[90 3 114 102 53 89 41 29 65 126 17 77]
[51 133 115 58 9 19 76 26 108 44 90 83]
[73 118 14 42 28 5 59 132 90 87 56 104]
[108 107 110 111 102 1 101 105 109 104 103 106]
[94 126 37 30 62 87 9 55 23 69 101 119]
[11 27 56 65 130 74 92 36 101 83 18 121]
[26 49 101 118 43 95 20 66 89 8 124 72]
[132 91 21 71 51 101 61 81 12 31 122 41]
[42 77 10 93 34 128 15 120 50 85 58 101]
[22 70 25 101 84 98 115 53 39 5 67 129]
[113 101 52 40 64 100 88 125 3 76 16 28]
[80 33 38 7 75 59 133 101 17 96 54 117]
[101 86 4 60 45 114 32 73 99 127 47 19]
[14 48 116 97 29 44 78 82 6 101 131 63]
[44 35 42 41 36 37 43 39 40 45 1 38]
[23 104 58 81 8 121 35 98 75 52 29 127]
[49 94 77 5 18 122 125 32 35 108 63 80]
[74 61 20 48 100 4 87 128 115 102 35 33]
[78 92 9 53 85 124 117 35 21 28 110 60]
[96 116 86 35 12 76 25 56 126 106 66 15]
[47 83 95 131 71 34 119 3 107 35 22 59]
[6 99 35 16 65 103 118 50 31 84 69 133]
[129 120 11 82 35 64 17 111 73 26 55 91]
[35 19 97 27 54 132 105 10 70 62 113 89]
[7 14 109 72 67 35 130 88 51 30 114 93]
[122 1 112 113 116 119 120 115 117 118 121 114]
[86 65 70 23 7 28 91 112 128 49 107 44]
[18 112 45 104 26 96 10 61 69 131 53 88]
[38 67 132 29 76 47 112 11 103 20 94 85]
[59 89 93 127 112 108 74 21 55 25 6 40]
[111 39 75 3 87 99 63 27 124 15 51 112]
[62 32 92 52 133 12 22 72 42 112 82 102]
[41 66 130 98 16 9 73 48 80 34 112 105]
[43 58 84 17 56 112 97 30 4 110 125 71]
[95 50 5 19 126 78 33 64 112 109 36 81]
[37 60 8 112 106 31 54 129 100 77 83 14]
[53 55 46 50 1 52 51 54 48 47 49 56]
[76 95 6 80 110 46 23 114 129 61 42 27]
[46 72 59 18 44 85 31 113 111 4 126 98]
[120 46 104 62 25 41 83 7 20 125 99 78]
[45 21 106 33 46 70 3 94 82 130 118 58]
[91 105 74 15 119 60 5 43 29 88 133 46]
[100 124 81 38 30 73 46 108 22 65 10 116]
[77 12 67 87 117 16 127 97 26 107 46 36]
[92 115 69 86 63 8 109 46 34 40 132 17]
[131 102 19 122 11 93 84 28 37 46 75 66]
[121 64 71 89 32 14 96 9 46 128 39 103]
[61 63 65 67 59 66 57 1 58 60 62 64]
[71 5 102 57 40 130 26 23 85 54 116 99]
[114 57 18 107 82 50 75 25 132 100 9 43]
[57 69 129 20 93 117 56 44 105 81 32 3]
[21 30 113 133 48 77 104 95 57 11 86 39]
[15 7 73 94 89 131 36 52 110 115 57 31]
[28 51 80 120 57 126 45 103 97 22 74 8]
[70 96 83 55 109 29 16 57 122 42 4 124]
[88 47 12 78 98 57 108 17 118 27 128 37]
[34 53 125 91 6 106 38 121 72 57 19 87]
[10 119 111 14 33 84 49 41 127 92 76 57]
[89 79 87 85 80 82 81 83 84 1 88 86]
[4 25 131 105 92 38 77 118 64 79 23 51]
[3 103 54 115 66 127 42 18 30 91 78 79]
[106 28 36 10 114 55 71 133 98 63 79 20]
[27 44 79 8 73 67 102 119 125 50 21 96]
[72 15 40 9 79 129 65 33 47 122 104 97]
[79 56 94 22 41 109 60 75 113 6 26 128]
[16 111 32 132 58 79 37 74 7 116 95 53]
[17 93 62 31 121 48 107 76 79 124 45 5]
[39 59 49 110 19 69 29 79 130 12 120 100]
[99 108 43 79 14 11 126 70 52 117 34 61]
[29 26 30 1 27 25 28 31 32 33 24 34]
[84 132 96 36 23 3 48 60 24 120 72 108]
[93 87 133 116 70 18 47 110 8 64 41 24]
[58 88 126 73 122 107 6 24 92 39 20 54]
[69 128 66 114 83 111 24 5 38 97 52 21]
[118 109 15 24 127 71 62 100 44 53 80 11]
[117 37 24 63 4 22 50 104 91 89 130 76]
[24 78 51 121 86 10 129 102 94 59 43 16]
[67 17 99 74 42 81 113 131 49 24 106 9]
[56 40 7 124 24 61 103 77 119 19 98 82]
[125 24 55 45 115 75 85 12 95 14 105 65]

