[2 13 24 35 46 57 68 79 90 101 112 123]
[23 22 15 14 17 18 21 1 19 16 20 13]
[12 44 114 84 74 104 34 124 54 94 13 64]
[87 45 129 113 7 29 66 13 92 71 50 108]
[95 9 31 120 63 56 38 88 13 127 70 102]
[13 83 91 48 126 118 10 75 40 67 32 110]
[52 39 13 106 65 132 80 26 119 93 78 4]
[98 11 107 42 51 69 13 125 60 89 33 116]
[55 5 27 86 100 58 103 131 117 13 41 72]
[47 111 6 81 13 96 62 77 43 28 130 115]
[59 8 99 13 105 36 122 30 53 128 82 76]
[109 97 37 49 133 13 121 73 25 61 85 3]
[1 7 3 8 12 5 4 10 11 2 9 6]
[56 34 45 89 2 23 111 122 133 78 100 67]
[117 73 95 40 29 106 51 128 62 84 18 2]
[64 108 97 2 75 53 42 86 31 20 119 130]
[120 43 76 54 21 65 109 98 2 32 87 131]
[81 92 103 37 125 15 59 70 114 26 2 48]
[77 121 2 33 66 44 110 22 88 99 55 132]
[71 16 60 115 104 93 49 2 38 82 27 126]
[83 50 105 127 116 72 2 94 61 39 28 17]
[107 2 63 74 30 85 41 52 129 118 96 19]
[69 36 102 25 124 2 14 80 113 47 58 91]
[123 126 130 131 1 127 132 133 128 129 124 125]
[53 63 43 123 93 103 83 12 23 33 113 73]
[39 102 7 97 34 76 81 123 118 18 60 55]
[45 123 116 59 84 20 27 109 9 77 91 52]
[72 29 123 80 37 107 64 21 99 10 115 56]
[41 4 121 69 108 67 28 82 15 123 95 54]
[11 58 22 78 31 87 96 40 105 49 123 114]
[30 89 92 75 61 123 16 5 120 44 106 47]
[6 51 85 17 123 100 36 119 32 70 104 66]
[94 65 71 19 48 25 123 111 42 8 117 88]
[62 38 26 98 86 50 3 14 123 74 110 122]
[68 70 72 77 69 74 73 78 1 75 76 71]
[88 23 50 41 97 32 11 106 115 124 59 68]
[119 68 48 12 89 99 129 18 58 38 109 28]
[82 20 34 51 127 113 65 110 5 96 68 37]
[84 26 126 21 47 68 7 63 121 100 105 42]
[102 98 117 68 15 83 45 64 30 132 6 49]
[111 93 61 118 54 125 22 9 36 68 29 86]
[131 85 108 91 39 16 114 68 8 62 56 33]
[10 87 44 95 68 122 52 130 103 25 17 60]
[128 31 68 104 3 116 43 19 55 92 67 80]
[27 94 133 4 107 120 40 81 68 53 66 14]
[91 96 94 99 90 97 93 95 100 1 92 98]
[74 117 109 90 10 31 125 47 82 66 23 39]
[67 52 124 18 6 37 120 33 86 105 71 90]
[50 90 70 30 121 131 60 20 80 12 111 40]
[129 21 88 103 49 4 90 36 75 34 116 62]
[130 61 78 107 113 38 55 32 84 90 15 8]
[122 27 69 7 106 48 127 90 22 85 64 43]
[25 110 16 128 81 119 63 54 72 45 90 11]
[65 17 90 126 41 77 29 102 3 114 53 89]
[90 133 115 44 26 19 58 76 108 9 51 83]
[104 14 73 28 5 90 56 42 132 87 118 59]
[110 106 1 108 101 109 104 105 107 103 102 111]
[9 69 101 94 55 62 126 87 37 23 30 119]
[92 18 65 11 56 121 101 83 130 36 74 27]
[118 66 89 43 95 49 20 8 124 72 26 101]
[21 81 51 71 132 61 91 41 101 31 122 12]
[15 77 120 85 42 10 128 34 50 58 101 93]
[22 129 25 101 53 70 39 67 98 115 84 5]
[125 76 40 64 28 3 88 101 16 113 52 100]
[17 101 33 38 59 133 54 117 96 80 7 75]
[32 127 47 60 114 101 19 4 45 86 73 99]
[101 48 131 29 44 14 78 6 97 116 63 82]
[36 42 39 1 40 35 44 43 41 37 45 38]
[58 104 75 52 23 8 98 29 127 35 121 81]
[49 122 32 63 18 80 5 108 94 125 35 77]
[61 100 128 87 35 115 33 74 4 102 48 20]
[124 28 53 92 78 60 9 85 35 110 21 117]
[86 116 106 66 25 126 76 35 56 15 12 96]
[34 47 59 83 119 95 35 3 71 131 107 22]
[99 118 35 16 50 6 133 84 65 69 103 31]
[35 91 111 55 120 17 82 11 73 64 129 26]
[70 105 54 27 62 89 113 132 10 19 97 35]
[114 35 14 130 88 30 67 72 109 7 93 51]
[116 1 118 119 122 117 115 114 112 121 120 113]
[44 128 112 23 91 28 86 49 70 107 65 7]
[112 53 104 96 131 26 61 45 69 88 10 18]
[20 103 67 132 11 112 85 38 47 76 94 29]
[40 59 21 6 112 108 25 93 89 55 127 74]
[3 99 87 15 27 39 112 51 111 63 75 124]
[42 72 52 32 82 12 92 62 102 112 22 133]
[48 80 66 9 73 105 130 16 34 41 98 112]
[43 56 30 112 4 84 97 71 110 17 125 58]
[33 112 64 36 109 81 50 126 95 5 19 78]
[14 37 8 100 83 54 31 112 106 60 77 129]
[46 55 49 56 52 1 47 48 51 50 54 53]
[80 114 42 76 129 110 23 61 27 6 46 95]
[4 113 46 111 72 98 18 44 59 126 31 85]
[78 25 41 46 20 7 99 120 125 83 62 104]
[106 46 82 58 70 45 94 118 33 130 3 21]
[29 60 5 88 43 91 46 15 74 119 133 105]
[38 124 100 116 22 73 108 65 46 30 81 10]
[16 67 77 117 87 46 12 127 26 97 36 107]
[132 115 17 109 92 86 8 46 63 40 34 69]
[28 84 19 93 102 66 75 37 131 122 11 46]
[96 71 9 121 128 64 32 39 14 46 89 103]
[63 64 58 62 67 59 1 60 66 65 61 57]
[26 40 57 5 130 102 71 116 85 54 99 23]
[75 82 132 50 57 114 107 100 18 43 25 9]
[93 32 81 20 117 129 105 56 57 3 69 44]
[113 95 86 133 77 11 48 104 39 21 57 30]
[115 15 110 73 36 52 89 31 7 57 131 94]
[8 120 80 57 103 51 74 97 28 22 126 45]
[57 109 122 70 96 42 124 55 29 4 83 16]
[37 78 12 47 98 27 118 57 17 108 88 128]
[121 57 38 125 19 34 53 91 6 106 72 87]
[127 49 119 10 33 41 57 92 76 111 14 84]
[85 88 84 82 80 79 87 89 83 81 86 1]
[79 131 23 105 38 92 77 25 64 51 4 118]
[66 54 18 3 115 78 30 103 91 79 42 127]
[133 10 36 79 71 55 106 28 20 98 114 63]
[73 119 125 102 8 21 79 96 67 27 44 50]
[97 33 79 65 9 40 72 129 122 104 47 15]
[60 75 56 26 94 22 6 113 79 109 128 41]
[7 132 74 53 79 111 37 58 116 95 16 32]
[76 107 62 31 45 124 17 121 93 48 5 79]
[19 12 29 39 110 130 100 69 49 59 79 120]
[126 79 11 61 14 43 70 99 52 117 108 34]
[31 30 28 34 32 33 26 27 24 29 1 25]
[108 3 96 72 60 24 84 23 48 120 132 36]
[18 41 93 110 64 47 116 24 87 133 8 70]
[54 6 20 122 58 88 24 107 126 73 39 92]
[5 24 83 114 111 128 69 66 21 52 38 97]
[100 62 127 24 118 71 15 53 44 11 80 109]
[89 130 4 22 76 63 117 50 104 91 37 24]
[51 86 10 129 16 94 102 59 78 24 43 121]
[24 74 113 67 99 9 131 17 81 42 49 106]
[103 19 98 124 24 82 119 7 77 56 40 61]
[105 125 55 45 85 75 95 115 12 14 24 65]
